0.00000000 0.00000000
0.00000000 0.22439948
0.89759790 0.22439948
1.79519580 0.22439948
2.69279370 0.22439948
3.59039160 0.22439948
4.48798951 0.22439948
5.38558741 0.22439948
0.00000000 0.44879895
0.44879895 0.44879895
0.89759790 0.44879895
1.34639685 0.44879895
1.79519580 0.44879895
2.24399475 0.44879895
2.69279370 0.44879895
3.14159265 0.44879895
3.59039160 0.44879895
4.03919055 0.44879895
4.48798951 0.44879895
4.93678846 0.44879895
5.38558741 0.44879895
5.83438636 0.44879895
0.22439948 0.67319843
0.67319843 0.67319843
1.12199738 0.67319843
1.57079633 0.67319843
2.01959528 0.67319843
2.46839423 0.67319843
2.91719318 0.67319843
3.36599213 0.67319843
3.81479108 0.67319843
4.26359003 0.67319843
4.71238898 0.67319843
5.16118793 0.67319843
5.60998688 0.67319843
6.05878583 0.67319843
0.00000000 0.89759790
0.22439948 0.89759790
0.44879895 0.89759790
0.67319843 0.89759790
0.89759790 0.89759790
1.12199738 0.89759790
1.34639685 0.89759790
1.57079633 0.89759790
1.79519580 0.89759790
2.01959528 0.89759790
2.24399475 0.89759790
2.46839423 0.89759790
2.69279370 0.89759790
2.91719318 0.89759790
3.14159265 0.89759790
3.36599213 0.89759790
3.59039160 0.89759790
3.81479108 0.89759790
4.03919055 0.89759790
4.26359003 0.89759790
4.48798951 0.89759790
4.71238898 0.89759790
4.93678846 0.89759790
5.16118793 0.89759790
5.38558741 0.89759790
5.60998688 0.89759790
5.83438636 0.89759790
6.05878583 0.89759790
0.00000000 1.12199738
0.22439948 1.12199738
0.44879895 1.12199738
0.67319843 1.12199738
0.89759790 1.12199738
1.12199738 1.12199738
1.34639685 1.12199738
1.57079633 1.12199738
1.79519580 1.12199738
2.01959528 1.12199738
2.24399475 1.12199738
2.46839423 1.12199738
2.69279370 1.12199738
2.91719318 1.12199738
3.14159265 1.12199738
3.36599213 1.12199738
3.59039160 1.12199738
3.81479108 1.12199738
4.03919055 1.12199738
4.26359003 1.12199738
4.48798951 1.12199738
4.71238898 1.12199738
4.93678846 1.12199738
5.16118793 1.12199738
5.38558741 1.12199738
5.60998688 1.12199738
5.83438636 1.12199738
6.05878583 1.12199738
0.00000000 1.34639685
0.22439948 1.34639685
0.44879895 1.34639685
0.67319843 1.34639685
0.89759790 1.34639685
1.12199738 1.34639685
1.34639685 1.34639685
1.57079633 1.34639685
1.79519580 1.34639685
2.01959528 1.34639685
2.24399475 1.34639685
2.46839423 1.34639685
2.69279370 1.34639685
2.91719318 1.34639685
3.14159265 1.34639685
3.36599213 1.34639685
3.59039160 1.34639685
3.81479108 1.34639685
4.03919055 1.34639685
4.26359003 1.34639685
4.48798951 1.34639685
4.71238898 1.34639685
4.93678846 1.34639685
5.16118793 1.34639685
5.38558741 1.34639685
5.60998688 1.34639685
5.83438636 1.34639685
6.05878583 1.34639685
0.89759790 1.57079633
1.12199738 1.57079633
1.34639685 1.57079633
1.57079633 1.57079633
1.79519580 1.57079633
2.01959528 1.57079633
2.24399475 1.57079633
2.46839423 1.57079633
2.69279370 1.57079633
2.91719318 1.57079633
3.14159265 1.57079633
3.36599213 1.57079633
3.59039160 1.57079633
3.81479108 1.57079633
4.03919055 1.57079633
4.26359003 1.57079633
4.48798951 1.57079633
4.71238898 1.57079633
4.93678846 1.57079633
5.16118793 1.57079633
5.38558741 1.57079633
5.60998688 1.57079633
5.83438636 1.57079633
6.05878583 1.57079633
