0.000000 0.000000 300.000000
66.756280 0.000000 292.478374
41.621860 52.192162 292.478374
-14.854670 65.082561 292.478374
-60.145330 28.964464 292.478374
-60.145330 -28.964464 292.478374
-14.854670 -65.082561 292.478374
41.621860 -52.192162 292.478374
130.165122 0.000000 270.290660
117.274722 56.476530 270.290660
81.156626 101.767190 270.290660
28.964464 126.901610 270.290660
-28.964464 126.901610 270.290660
-81.156626 101.767190 270.290660
-117.274722 56.476530 270.290660
-130.165122 0.000000 270.290660
-117.274722 -56.476530 270.290660
-81.156626 -101.767190 270.290660
-28.964464 -126.901610 270.290660
28.964464 -126.901610 270.290660
81.156626 -101.767190 270.290660
117.274722 -56.476530 270.290660
182.357283 41.621860 234.549445
146.239187 116.621860 234.549445
81.156626 168.523470 234.549445
0.000000 187.046941 234.549445
-81.156626 168.523470 234.549445
-146.239187 116.621860 234.549445
-182.357283 41.621860 234.549445
-182.357283 -41.621860 234.549445
-146.239187 -116.621860 234.549445
-81.156626 -168.523470 234.549445
-0.000000 -187.046941 234.549445
81.156626 -168.523470 234.549445
146.239187 -116.621860 234.549445
182.357283 -41.621860 234.549445
234.549445 0.000000 187.046941
228.668800 52.192162 187.046941
211.321748 101.767190 187.046941
183.378140 146.239187 187.046941
146.239187 183.378140 187.046941
101.767190 211.321748 187.046941
52.192162 228.668800 187.046941
0.000000 234.549445 187.046941
-52.192162 228.668800 187.046941
-101.767190 211.321748 187.046941
-146.239187 183.378140 187.046941
-183.378140 146.239187 187.046941
-211.321748 101.767190 187.046941
-228.668800 52.192162 187.046941
-234.549445 0.000000 187.046941
-228.668800 -52.192162 187.046941
-211.321748 -101.767190 187.046941
-183.378140 -146.239187 187.046941
-146.239187 -183.378140 187.046941
-101.767190 -211.321748 187.046941
-52.192162 -228.668800 187.046941
-0.000000 -234.549445 187.046941
52.192162 -228.668800 187.046941
101.767190 -211.321748 187.046941
146.239187 -183.378140 187.046941
183.378140 -146.239187 187.046941
211.321748 -101.767190 187.046941
228.668800 -52.192162 187.046941
270.290660 0.000000 130.165122
263.513909 60.145330 130.165122
243.523470 117.274722 130.165122
211.321748 168.523470 130.165122
168.523470 211.321748 130.165122
117.274722 243.523470 130.165122
60.145330 263.513909 130.165122
0.000000 270.290660 130.165122
-60.145330 263.513909 130.165122
-117.274722 243.523470 130.165122
-168.523470 211.321748 130.165122
-211.321748 168.523470 130.165122
-243.523470 117.274722 130.165122
-263.513909 60.145330 130.165122
-270.290660 0.000000 130.165122
-263.513909 -60.145330 130.165122
-243.523470 -117.274722 130.165122
-211.321748 -168.523470 130.165122
-168.523470 -211.321748 130.165122
-117.274722 -243.523470 130.165122
-60.145330 -263.513909 130.165122
-0.000000 -270.290660 130.165122
60.145330 -263.513909 130.165122
117.274722 -243.523470 130.165122
168.523470 -211.321748 130.165122
211.321748 -168.523470 130.165122
243.523470 -117.274722 130.165122
263.513909 -60.145330 130.165122
292.478374 0.000000 66.756280
285.145330 65.082561 66.756280
263.513909 126.901610 66.756280
228.668800 182.357283 66.756280
182.357283 228.668800 66.756280
126.901610 263.513909 66.756280
65.082561 285.145330 66.756280
0.000000 292.478374 66.756280
-65.082561 285.145330 66.756280
-126.901610 263.513909 66.756280
-182.357283 228.668800 66.756280
-228.668800 182.357283 66.756280
-263.513909 126.901610 66.756280
-285.145330 65.082561 66.756280
-292.478374 0.000000 66.756280
-285.145330 -65.082561 66.756280
-263.513909 -126.901610 66.756280
-228.668800 -182.357283 66.756280
-182.357283 -228.668800 66.756280
-126.901610 -263.513909 66.756280
-65.082561 -285.145330 66.756280
-0.000000 -292.478374 66.756280
65.082561 -285.145330 66.756280
126.901610 -263.513909 66.756280
182.357283 -228.668800 66.756280
228.668800 -182.357283 66.756280
263.513909 -126.901610 66.756280
285.145330 -65.082561 66.756280
187.046941 234.549445 0.000000
130.165122 270.290660 0.000000
66.756280 292.478374 0.000000
0.000000 300.000000 0.000000
-66.756280 292.478374 0.000000
-130.165122 270.290660 0.000000
-187.046941 234.549445 0.000000
-234.549445 187.046941 0.000000
-270.290660 130.165122 0.000000
-292.478374 66.756280 0.000000
-300.000000 0.000000 0.000000
-292.478374 -66.756280 0.000000
-270.290660 -130.165122 0.000000
-234.549445 -187.046941 0.000000
-187.046941 -234.549445 0.000000
-130.165122 -270.290660 0.000000
-66.756280 -292.478374 0.000000
-0.000000 -300.000000 0.000000
66.756280 -292.478374 0.000000
130.165122 -270.290660 0.000000
187.046941 -234.549445 0.000000
234.549445 -187.046941 0.000000
270.290660 -130.165122 0.000000
292.478374 -66.756280 0.000000
